3648
4
11
0
0
11
17408
0
0
0
1025
32
2
6
0
1

1
0
0
0
0
0
0
0
0
1
20
4
100
10000
-96
-26
-6
0
0
-96
-26
-26
-20
0
1
12
32
32
32
32
32
32
32
32
32
32
33
37
44
50
51
46
40
33
29
26
24
24
24
25
26
28
29
31
31
32
32
32
31
30
28
27
27
28
29
30
31
32
32
31
30
27
25
24
23
23
24
25
25
25
25
25
25
26
28
30
31
31
31
30
30
29
28
27
26
25
25
25
25
25
25
25
25
25
26
26
27
27
28
28
29
29
29
29
29
29
29
28
28
28
28
27
27
27
26
26
26
25
25
25
25
25
24
24
24
24
24
24
23
23
23
23
23
22
22
22
22
21
21
21
21
20
20
20
20
20
20
20
20
20
20
20
21
21
21
21
21
21
21
21
21
21
21
21
21
21
21
21
20
21
21
21
21
21
22
22
22
22
22
22
22
22
22
22
21
21
20
20
19
19
19
18
18
18
18
18
18
18
18
18
18
18
18
18
18
17
17
17
17
16
16
16
16
16
16
16
16
16
16
15
15
15
15
15
14
14
13
13
13
12
12
12
12
12
11
11
11
11
11
11
11
12
12
12
12
12
12
12
11
11
11
11
11
11
11
10
10
10
10
10
10
10
10
10
10
9
9
9
9
9
9
9
9
8
8
8
8
8
8
7
7
7
7
7
7
7
7
7
6
6
6
6
6
5
5
5
5
5
5
4
4
4
4
4
4
4
4
4
4
4
4
4
4
4
4
4
4
4
4
4
4
4
3
3
3
3
3
3
3
3
3
3
3
3
3
3
4
4
4
4
4
4
4
4
4
4
4
4
4
5
5
5
5
5
5
5
5
6
6
6
6
6
6
6
6
6
6
6
6
6
6
6
6
7
7
7
7
7
7
7
7
7
7
7
7
8
8
8
8
8
8
8
8
8
8
8
8
9
9
9
9
9
9
9
9
9
9
9
9
10
10
10
10
10
10
10
10
11
11
11
11
11
11
11
11
11
11
11
11
11
11
11
12
12
12
12
12
12
12
12
13
13
13
13
13
14
14
14
14
14
15
15
15
15
16
16
16
16
16
16
16
16
16
16
16
16
16
16
16
16
16
16
16
16
16
16
16
17
17
17
17
18
18
18
18
18
18
18
18
18
18
18
18
18
18
18
18
19
19
19
19
19
19
19
19
19
19
19
19
19
19
19
19
19
19
19
19
19
19
19
19
19
20
20
20
20
20
20
20
20
20
19
18
19
19
18
18
18
18
20
19
19
20
19
18
17
16
14
14
13
13
14
14
14
15
15
12
11
10
10
9
9
9
9
9
9
9
9
8
7
6
6
6
5
6
6
7
7
7
7
7
7
7
7
7
7
7
7
7
7
7
7
7
7
12
12
32
32
32
32
32
32
32
32
32
32
33
36
42
47
49
46
40
34
29
26
24
24
23
24
26
27
28
29
28
28
28
29
29
28
27
28
30
33
36
36
35
32
29
27
26
25
24
23
23
23
24
24
24
25
25
26
26
27
28
29
29
29
28
27
26
25
24
24
23
23
23
23
23
23
23
24
24
25
25
26
26
27
27
28
28
28
29
29
29
29
29
29
29
29
29
28
28
28
28
28
28
28
28
28
28
28
28
28
28
28
27
27
27
27
27
27
26
26
26
26
25
25
25
25
25
24
24
24
24
24
24
24
24
24
24
24
23
23
23
22
22
22
21
21
20
20
20
20
20
20
20
20
20
20
21
21
21
21
21
21
21
21
20
20
19
19
19
18
18
18
18
17
17
17
17
17
17
17
17
16
16
16
16
16
16
16
15
15
15
15
15
15
15
15
15
15
14
14
14
14
14
14
13
13
13
13
13
13
13
13
13
13
13
13
12
12
12
12
12
12
12
11
11
11
11
11
11
10
10
10
10
10
10
10
10
10
10
10
10
10
10
10
10
10
10
10
10
9
9
9
9
8
8
8
8
7
7
7
7
7
7
7
7
7
7
7
7
7
7
7
6
6
6
6
6
5
5
5
5
5
4
4
4
4
4
4
4
4
4
4
4
4
4
4
4
4
4
4
3
3
3
3
3
3
3
3
3
3
3
3
3
3
3
3
3
3
3
3
3
3
3
3
3
3
3
3
3
3
4
4
4
4
4
4
4
4
5
5
5
5
5
5
6
6
6
6
6
6
6
6
6
6
6
6
6
6
6
7
7
7
7
7
7
8
8
8
8
8
8
8
9
9
8
8
8
8
8
8
8
8
8
8
8
8
8
9
9
9
10
10
11
11
11
12
12
12
13
13
13
13
13
13
13
13
13
13
12
12
12
12
13
13
13
13
13
13
13
13
13
13
13
13
13
13
13
13
13
13
13
13
13
13
13
13
13
13
13
14
14
14
14
15
15
15
15
16
16
16
16
17
17
17
17
17
17
17
18
18
18
18
18
18
18
18
18
18
18
18
18
18
18
17
17
17
17
17
16
16
16
16
16
16
16
16
16
16
17
17
17
17
18
18
18
18
18
18
18
18
18
18
18
18
18
18
18
18
18
18
18
19
19
19
20
21
22
20
21
21
19
18
17
17
17
16
15
17
17
15
15
16
16
15
14
13
13
12
12
13
12
11
10
9
9
8
8
8
7
7
7
7
6
6
6
6
6
5
5
6
5
5
6
6
6
6
6
6
6
6
6
6
6
6
6
6
6
6
6
6
10
10
32
32
32
32
32
32
32
32
32
32
32
32
32
32
32
32
32
32
32
32
32
32
32
32
32
32
32
32
32
32
32
32
32
32
32
32
32
32
32
32
32
32
32
32
32
32
32
32
32
32
32
32
32
32
32
32
32
32
32
32
32
32
32
32
32
32
32
32
32
32
32
32
32
32
32
32
32
32
32
32
32
32
32
32
32
32
32
32
32
32
32
32
32
32
32
32
32
32
32
32
32
32
32
32
32
32
32
32
32
32
32
32
32
32
32
32
32
32
32
32
32
32
32
32
32
32
32
32
32
32
32
32
32
32
32
32
32
32
32
32
32
32
32
32
32
32
32
32
32
32
32
32
32
32
32
32
32
32
32
32
32
32
32
32
32
32
32
32
32
32
32
32
32
32
32
32
32
32
32
32
32
32
32
32
32
32
32
32
32
32
32
32
32
32
32
32
32
32
32
32
32
32
32
32
32
32
32
32
32
32
32
32
32
32
32
32
32
32
32
32
32
32
32
32
32
32
32
32
32
32
32
32
32
32
32
32
32
32
32
32
32
32
32
32
32
32
32
32
32
32
32
32
32
32
32
32
32
32
32
32
32
32
32
32
32
32
32
32
32
32
32
32
32
32
32
32
32
32
32
32
32
32
32
32
32
32
32
32
32
32
32
32
32
32
32
32
32
32
32
32
32
32
32
32
32
32
32
32
32
32
32
32
32
32
32
32
32
32
32
32
32
32
32
32
32
32
32
32
32
32
32
32
32
32
32
32
32
32
32
32
32
32
32
32
32
32
32
32
32
32
32
32
32
32
32
32
32
32
32
32
32
32
32
32
32
32
32
32
32
32
32
32
32
32
32
32
32
32
32
32
32
32
32
32
32
32
32
32
32
32
32
32
32
32
32
32
32
32
32
32
32
32
32
32
32
32
32
32
32
32
32
32
32
32
32
32
32
32
32
32
32
32
32
32
32
32
32
32
32
32
32
32
32
32
32
32
32
32
32
32
32
32
32
32
32
32
32
32
32
32
32
32
32
32
32
32
32
32
32
32
32
32
32
32
32
32
32
32
32
32
32
32
32
32
32
32
32
32
32
32
32
32
32
32
32
32
32
32
32
32
32
32
32
32
32
32
32
32
32
32
32
32
32
32
32
32
32
32
32
32
32
32
32
32
32
32
32
32
32
32
32
32
32
32
32
32
32
32
32
32
32
32
32
32
32
32
32
32
32
32
32
32
32
32
32
32
32
32
32
32
32
32
32
32
32
32
32
32
32
32
32
32
32
32
32
32
32
32
32
32
32
32
32
32
32
32
32
32
32
32
32
32
32
32
32
32
32
32
32
32
32
32
32
32
32
32
32
32
32
32
32
32
32
32
32
32
32
32
32
32
32
32
32
32
32
32
32
32
32
32
32
32
32
32
32
32
32
32
32
32
32
32
32
32
32
32
32
32
32
32
32
32
32
32
32
32
32
32
32
32
32
32
32
32
32
32
32
32
32
32
32
32
32
32
32
32
32
32
32
32
32
32
32
32
32
32
32
32
32
32
32
32
32
32
32
32
32
32
32
32
32
32
32
32
32
32
32
32
32
32
32
32
32
32
32
32
32
32
32
32
32
32
32
32
32
32
32
32
32
32
32
32
32
32
32
32
32
32
32
32
32
32
32
32
32
32
32
32
32
32
32
32
32
32
32
32
32
32
32
32
32
32
32
32
32
32
32
32
32
32
32
32
32
32
32
32
32
32
32
32
32
32
32
32
32
32
32
32
32
32
32
32
32
32
32
32
32
32
32
32
32
32
32
32
32
32
32
32
32
32
32
32
32
32
32
32
32
32
32
32
32
32
32
32
32
32
32
32
32
32
32
32
32
32
32
32
32
32
32
32
32
32
32
32
32
32
32
32
32
32
32
32
32
32
32
32
32
32
32
32
32
32
32
32
32
32
32
32
32
32
32
32
32
32
32
32
32
32
32
32
32
32
32
32
32
32
32
32
32
32
32
32
32
32
32
32
32
32
32
32
32
32
32
32
32
32
32
32
32
32
32
32
32
32
32
32
32
32
32
32
32
32
32
32
32
32
32
32
32
32
32
32
32
32
32
32
32
32
32
32
32
32
32
32
32
32
32
32
32
32
32
32
32
32
32
32
32
32
32
32
32
32
32
32
32
32
32
32
32
32
32
32
32
32
32
32
32
32
32
32
32
32
32
32
32
32
32
32
32
32
32
32
32
32
32
32
32
32
32
32
32
32
32
32
32
32
32
32
32
32
32
32
32
32
32
32
32
32
32
32
32
32
32
32
32
32
32
32
32
32
32
32
32
32
32
32
32
32
32
32
32
32
32
32
32
32
32
32
32
32
32
32
32
32
32
32
32
32
32
32
32
32
32
32
32
32
32
32
32
32
32
32
32
32
32
32
32
32
32
32
32
32
32
32
32
32
32
32
32
32
32
32
32
32
32
32
32
32
32
32
32
32
32
32
32
32
32
32
32
32
32
32
32
32
32
32
32
32
32
32
32
32
32
32
32
32
32
32
32
32
32
32
32
32
32
32
32
32
32
32
32
32
32
32
32
32
32
32
32
32
32
32
32
32
32
32
32
32
32
32
32
32
32
32
32
32
32
32
32
32

0
70
70
-6
-6
-48
-48
0
32767
33
40
100
0
-6
-6
14745
-12
0
-65
-71
-81
-86
-90
-93
-95
-95
-97
-97
-97
-99
-99
-100
-99
-100
-101
-101
-101
-101
-102
-103
-103
-103
-103
-104
-104
-104
-104
-105
-105
-105
-105
-105
-106
-105
-105
-106
-106
-106
-106
-106
-106
-107
-107
-107
-107
-107
-107
-107
-107
-108
-107
-108
-108
-108
-108
-108
-108
-108
-108
-108
-108
-108
-109
-109
-109
-108
-109
-109
-109
-109
-109
-109
-109
-109
-109
-109
-110
-110
-110
-110
-110
-110
-110
-110
-110
-110
-110
-110
-110
-111
-110
-110
-110
-110
-111
-111
-111
-110
-110
-110
-110
-110
-110
-110
-110
-111
-111
-111
-111
-111
-110
-111
-110
-111
-111
-111
-111
-111
-111
-111
-111
-111
-111
-112
-111
-111
-111
-111
-111
-111
-112
-112
-111
-111
-112
-111
-111
-111
-112
-112
-112
-112
-112
-112
-111
-112
-112
-111
-112
-112
-112
-112
-112
-112
-112
-112
-112
-111
-112
-112
-112
-112
-112
-112
-112
-112
-112
-112
-112
-112
-112
-112
-112
-112
-111
-112
-112
-112
-113
-112
-112
-112
-112
-112
-113
-112
-112
-112
-112
-112
-111
-111
-112
-112
-112
-112
-112
-112
-112
-112
-112
-113
-113
-112
-112
-112
-112
-112
-112
-112
-112
-112
-112
-113
-112
-112
-112
-113
-112
-112
-112
-112
-112
-112
-113
-112
-112
-112
-112
-112
-112
-112
-113
-112
-112
-112
-112
-112
-112
-112
-112
-112
-112
-112
-112
-112
-112
-112
-112
-113
-112
-112
-112
-112
-111
-111
-112
-112
-112
-112
-111
-112
-111
-112
-112
-112
-112
-111
-111
-111
-111
-111
-110
-111
-111
-111
-111
-111
-110
-111
-111
-110
-110
-110
-110
-110
-110
-110
-110
-110
-110
-110
-110
-110
-110
-110
-110
-109
-109
-109
-109
-109
-109
-109
-109
-109
-109
-109
-109
-109
-109
-109
-109
-109
-109
-109
-109
-110
-109
-109
-110
-110
-110
-110
-110
-110
-110
-110
-110
-110
-110
-110
-111
-111
-111
-111
-111
-111
-111
-111
-111
-110
-111
-111
-112
-112
-112
-112
-111
-111
-112
-112
-112
-112
-113
-112
-112
-112
-113
-112
-112
-112
-113
-113
-113
-113
-112
-112
-113
-113
-113
-112
-112
-113
-112
-112
-113
-113
-113
-113
-113
-113
-113
-113
-113
-113
-112
-112
-113
-113
-113
-113
-113
-112
-113
-113
-113
-113
-113
-113
-113
-113
-113
-112
-112
-112
-113
-113
-113
-113
-113
-113
-113
-113
-113
-114
-113
-113
-113
-113
-112
-113
-113
-113
-113
-113
-113
-113
-111
-113
-113
-113
-113
-113
-113
-113
-113
-113
-113
-113
-113
-112
-113
-113
-113
-113
-113
-113
-113
-113
-113
-113
-113
-113
-113
-113
-113
-114
-113
-113
-113
-113
-114
-113
-112
-113
-113
-113
-113
-113
-113
-112
-112
-113
-113
-112
-113
-112
-113
-112
-113
-112
-110
-113
-113
-113
-113
-113
-113
-113
-113
-113
-113
-113
-112
-112
-113
-113
-112
-112
-113
-113
-113
-113
-113
-113
-113
-114
-114
-115
-117
-65
-71
-80
-86
-91
-93
-95
-95
-96
-97
-97
-98
-99
-100
-100
-101
-101
-102
-101
-102
-102
-102
-102
-103
-103
-103
-104
-104
-104
-104
-104
-105
-105
-105
-105
-105
-105
-106
-106
-106
-106
-106
-107
-107
-107
-107
-107
-107
-107
-107
-107
-107
-107
-108
-107
-108
-108
-108
-108
-108
-108
-108
-109
-108
-109
-109
-108
-108
-109
-109
-109
-109
-109
-109
-109
-109
-109
-109
-110
-109
-110
-109
-109
-109
-110
-110
-110
-110
-110
-110
-110
-110
-110
-110
-110
-110
-110
-111
-111
-110
-111
-111
-111
-111
-110
-111
-111
-110
-111
-111
-111
-111
-110
-111
-111
-111
-111
-111
-111
-111
-111
-111
-111
-111
-111
-111
-111
-111
-112
-112
-111
-111
-111
-112
-111
-112
-111
-111
-112
-111
-111
-111
-111
-111
-111
-112
-111
-112
-112
-111
-112
-112
-112
-111
-112
-112
-112
-113
-112
-112
-112
-112
-112
-112
-111
-112
-111
-112
-112
-112
-112
-112
-111
-112
-112
-111
-111
-111
-111
-112
-112
-111
-112
-111
-111
-112
-112
-113
-112
-112
-112
-112
-111
-110
-112
-112
-112
-112
-112
-112
-112
-112
-112
-112
-112
-112
-112
-112
-112
-112
-112
-112
-112
-112
-112
-112
-112
-112
-112
-112
-112
-112
-112
-112
-112
-111
-111
-112
-112
-112
-112
-112
-112
-112
-112
-112
-112
-112
-112
-112
-112
-111
-112
-112
-112
-112
-112
-112
-112
-112
-111
-112
-111
-111
-112
-111
-111
-111
-111
-111
-111
-112
-112
-111
-111
-112
-110
-110
-109
-106
-110
-110
-111
-110
-110
-111
-110
-110
-111
-111
-110
-110
-110
-110
-110
-110
-109
-110
-110
-109
-109
-109
-108
-109
-109
-109
-109
-109
-109
-108
-108
-109
-109
-109
-108
-108
-108
-108
-108
-108
-108
-108
-109
-109
-109
-108
-109
-109
-109
-109
-109
-110
-107
-106
-110
-110
-110
-109
-109
-110
-110
-110
-110
-111
-111
-110
-110
-111
-110
-111
-111
-112
-111
-111
-111
-112
-111
-112
-111
-111
-111
-111
-112
-111
-112
-112
-112
-113
-112
-112
-112
-112
-112
-112
-112
-112
-111
-112
-113
-112
-112
-112
-112
-112
-112
-113
-109
-110
-112
-112
-113
-113
-112
-112
-112
-112
-113
-112
-113
-113
-113
-113
-113
-113
-113
-112
-113
-113
-113
-113
-113
-113
-113
-112
-113
-112
-113
-112
-113
-113
-113
-113
-113
-113
-114
-113
-112
-112
-113
-113
-112
-113
-113
-113
-113
-113
-113
-112
-112
-112
-109
-112
-113
-113
-113
-113
-113
-113
-113
-113
-113
-113
-113
-113
-113
-112
-114
-113
-112
-113
-113
-113
-113
-113
-113
-112
-112
-113
-113
-113
-113
-113
-112
-112
-113
-113
-113
-113
-113
-113
-113
-112
-113
-113
-113
-113
-112
-113
-113
-113
-113
-112
-113
-112
-109
-112
-112
-112
-113
-113
-113
-112
-113
-113
-112
-113
-112
-113
-112
-112
-112
-113
-112
-112
-112
-112
-113
-113
-114
-115
-115
-116
-117
0
1638
655
9830
300
300
0
-15
0
-4
0
-15
0
6
-20
-3
2344
4687
0
0
0
32767
0
-20
0
0
20
0
20
5
0
20
96
0
20
96
0
20
96
0
20
96
0
20
96
0
20
96
0
20
96
0
20
96
0
20
96
0
20
96
2
0
200
100
-16
2000
100
-16
0
2
1
20
4
0
20
0
0
10
2000
-96
-85
-20
0
0
-96
-85
-20
-20
0
0
0
1
700
2
0
20
0
0
2000
2000
-96
0
0
0
0
-96
0
0
0
0
1
0
1
20
2
1
20
0
0
10000
10000
-96
0
0
0
0
-96
0
0
0
0
1
0
1
20
2
1
20
0
0
10000
10000
-96
0
0
0
0
-96
0
0
0
0
1
0
1
20
2
1
20
0
0
10000
10000
-96
0
0
0
0
-96
0
0
0
0
1
0
1
20
5
0
20
0
0
300
10000
-96
-38
-20
-2
0
-96
-38
-20
-18
-17
0
0
0
0
17
0
27233
20
0
0
0
0
0
0
0
0
165
0
0
0
0
0
0
0
0
1
2
1
-20
-20
-40
-20
-76
-31
0
15
96
86
6826
6826
6826
6826
6826
6826
6826
6826
6826
6826
