3648
4
11
0
0
11
17408
0
0
0
1025
32
2
6
0
1

1
0
0
0
0
0
0
0
0
1
20
5
3000
10000
-88
-78
-60
-19
0
-96
-78
-60
-19
-19
1
13
32
32
32
32
32
32
32
32
32
32
32
32
32
32
32
32
32
32
32
32
32
32
32
32
32
32
32
32
32
32
32
32
32
32
32
32
32
32
32
32
32
32
32
31
29
27
25
23
23
23
24
24
25
25
25
25
25
26
28
29
31
31
31
30
30
29
28
27
26
25
25
25
25
24
24
24
25
25
25
26
27
27
28
28
28
29
29
29
29
29
28
28
28
28
27
27
27
26
26
26
25
25
25
25
25
24
24
24
24
24
23
23
23
23
23
23
23
22
22
22
21
21
21
21
21
20
20
20
20
20
20
20
20
20
20
20
20
21
21
21
21
21
21
21
21
21
21
21
21
21
20
20
20
20
20
21
21
21
21
22
22
22
22
22
22
22
22
21
21
20
20
20
19
19
19
18
18
18
18
18
18
18
18
18
18
18
18
18
17
17
17
17
17
16
16
16
16
16
16
16
16
16
15
15
15
15
15
14
14
14
13
13
13
12
12
12
12
12
11
11
11
11
11
11
11
11
12
12
12
12
12
12
11
11
11
11
11
11
10
10
10
10
10
10
10
10
10
10
9
9
9
9
9
9
9
9
8
8
8
8
8
8
8
7
7
7
7
7
7
7
7
6
6
6
6
6
6
5
5
5
5
5
5
4
4
4
4
4
4
4
4
4
4
4
4
4
4
4
4
4
4
4
4
4
4
3
3
3
3
3
3
3
3
3
3
3
3
3
3
3
4
4
4
4
4
4
4
4
4
4
4
4
4
4
5
5
5
5
5
5
5
5
6
6
6
6
6
6
6
6
6
6
6
6
6
6
6
6
7
7
7
7
7
7
7
7
7
7
7
7
7
8
8
8
8
8
8
8
8
8
8
9
9
9
9
9
9
9
9
9
9
9
9
9
10
10
10
10
10
10
10
10
11
11
11
11
11
11
11
11
11
11
11
11
11
11
11
12
12
12
12
12
12
12
12
13
13
13
13
13
14
14
14
14
15
15
15
15
15
16
16
16
16
16
16
16
16
16
16
16
16
16
16
16
16
16
16
16
16
16
16
16
17
17
17
17
18
18
18
18
18
18
18
18
18
18
18
18
18
18
18
18
19
19
19
19
19
19
19
19
19
19
19
19
19
19
19
19
19
19
19
19
19
19
19
19
19
19
20
20
20
20
20
20
19
19
18
19
19
18
18
18
18
19
19
19
20
19
17
17
16
14
13
13
13
14
14
14
15
15
12
11
10
9
9
9
8
9
9
9
9
9
8
7
6
6
6
5
6
6
7
7
7
7
7
7
7
7
7
7
7
7
7
7
7
7
7
7
12
12
32
32
32
32
32
32
32
32
32
32
32
32
32
32
32
32
32
32
32
32
32
32
32
32
32
32
32
32
32
32
32
32
32
32
32
32
32
32
32
32
32
32
32
27
26
25
24
23
23
23
23
24
24
25
25
26
26
27
28
29
29
29
28
27
25
25
24
23
23
23
23
23
23
23
23
23
24
24
25
26
26
27
27
27
28
28
28
29
29
29
29
29
28
28
28
28
28
28
28
28
28
28
28
28
28
28
28
28
27
27
27
27
27
27
27
26
26
26
26
25
25
25
25
25
24
24
24
24
24
24
24
24
24
24
24
23
23
23
23
22
22
21
21
21
20
20
20
20
20
20
20
20
20
20
21
21
21
21
21
21
21
20
20
20
19
19
19
18
18
18
17
17
17
17
17
17
17
17
16
16
16
16
16
16
16
15
15
15
15
15
15
15
15
15
15
14
14
14
14
14
14
14
13
13
13
13
13
13
13
13
13
13
13
12
12
12
12
12
12
12
12
11
11
11
11
11
10
10
10
10
10
10
10
10
10
10
10
10
10
10
10
10
10
10
10
10
10
9
9
9
9
8
8
8
8
7
7
7
7
7
7
7
7
7
7
7
7
7
7
6
6
6
6
6
5
5
5
5
5
5
4
4
4
4
4
4
4
4
4
4
4
4
4
4
4
4
4
4
3
3
3
3
3
3
3
3
3
3
3
3
3
3
3
3
3
3
3
3
3
3
3
3
3
3
3
3
3
3
4
4
4
4
4
4
4
4
5
5
5
5
5
5
6
6
6
6
6
6
6
6
6
6
6
6
6
6
6
6
7
7
7
7
7
7
8
8
8
8
8
8
8
8
8
8
8
8
8
8
8
8
8
8
8
8
8
9
9
9
10
10
11
11
11
12
12
12
12
13
13
13
13
13
13
13
12
12
12
12
12
12
12
12
12
13
13
13
13
13
13
13
13
13
13
13
13
13
13
13
13
13
13
13
13
13
13
13
13
14
14
14
14
15
15
15
15
16
16
16
16
17
17
17
17
17
17
17
17
18
18
18
18
18
18
18
18
18
18
18
18
18
17
17
17
17
17
17
16
16
16
16
16
16
16
16
16
16
16
17
17
17
17
18
18
18
18
18
18
18
18
18
18
17
17
17
17
18
18
18
18
19
19
19
20
21
22
20
20
21
19
18
17
16
17
16
15
16
17
15
15
16
16
14
14
13
13
12
11
12
12
11
10
9
9
8
8
8
7
7
7
7
6
6
6
6
6
5
5
6
5
5
6
6
6
6
6
6
6
6
6
6
6
6
6
6
6
6
6
6
10
10
32
32
32
32
32
32
32
32
32
32
32
32
32
32
32
32
32
32
32
32
32
32
32
32
32
32
32
32
32
32
32
32
32
32
32
32
32
32
32
32
32
32
32
32
32
32
32
32
32
32
32
32
32
32
32
32
32
32
32
32
32
32
32
32
32
32
32
32
32
32
32
32
32
32
32
32
32
32
32
32
32
32
32
32
32
32
32
32
32
32
32
32
32
32
32
32
32
32
32
32
32
32
32
32
32
32
32
32
32
32
32
32
32
32
32
32
32
32
32
32
32
32
32
32
32
32
32
32
32
32
32
32
32
32
32
32
32
32
32
32
32
32
32
32
32
32
32
32
32
32
32
32
32
32
32
32
32
32
32
32
32
32
32
32
32
32
32
32
32
32
32
32
32
32
32
32
32
32
32
32
32
32
32
32
32
32
32
32
32
32
32
32
32
32
32
32
32
32
32
32
32
32
32
32
32
32
32
32
32
32
32
32
32
32
32
32
32
32
32
32
32
32
32
32
32
32
32
32
32
32
32
32
32
32
32
32
32
32
32
32
32
32
32
32
32
32
32
32
32
32
32
32
32
32
32
32
32
32
32
32
32
32
32
32
32
32
32
32
32
32
32
32
32
32
32
32
32
32
32
32
32
32
32
32
32
32
32
32
32
32
32
32
32
32
32
32
32
32
32
32
32
32
32
32
32
32
32
32
32
32
32
32
32
32
32
32
32
32
32
32
32
32
32
32
32
32
32
32
32
32
32
32
32
32
32
32
32
32
32
32
32
32
32
32
32
32
32
32
32
32
32
32
32
32
32
32
32
32
32
32
32
32
32
32
32
32
32
32
32
32
32
32
32
32
32
32
32
32
32
32
32
32
32
32
32
32
32
32
32
32
32
32
32
32
32
32
32
32
32
32
32
32
32
32
32
32
32
32
32
32
32
32
32
32
32
32
32
32
32
32
32
32
32
32
32
32
32
32
32
32
32
32
32
32
32
32
32
32
32
32
32
32
32
32
32
32
32
32
32
32
32
32
32
32
32
32
32
32
32
32
32
32
32
32
32
32
32
32
32
32
32
32
32
32
32
32
32
32
32
32
32
32
32
32
32
32
32
32
32
32
32
32
32
32
32
32
32
32
32
32
32
32
32
32
32
32
32
32
32
32
32
32
32
32
32
32
32
32
32
32
32
32
32
32
32
32
32
32
32
32
32
32
32
32
32
32
32
32
32
32
32
32
32
32
32
32
32
32
32
32
32
32
32
32
32
32
32
32
32
32
32
32
32
32
32
32
32
32
32
32
32
32
32
32
32
32
32
32
32
32
32
32
32
32
32
32
32
32
32
32
32
32
32
32
32
32
32
32
32
32
32
32
32
32
32
32
32
32
32
32
32
32
32
32
32
32
32
32
32
32
32
32
32
32
32
32
32
32
32
32
32
32
32
32
32
32
32
32
32
32
32
32
32
32
32
32
32
32
32
32
32
32
32
32
32
32
32
32
32
32
32
32
32
32
32
32
32
32
32
32
32
32
32
32
32
32
32
32
32
32
32
32
32
32
32
32
32
32
32
32
32
32
32
32
32
32
32
32
32
32
32
32
32
32
32
32
32
32
32
32
32
32
32
32
32
32
32
32
32
32
32
32
32
32
32
32
32
32
32
32
32
32
32
32
32
32
32
32
32
32
32
32
32
32
32
32
32
32
32
32
32
32
32
32
32
32
32
32
32
32
32
32
32
32
32
32
32
32
32
32
32
32
32
32
32
32
32
32
32
32
32
32
32
32
32
32
32
32
32
32
32
32
32
32
32
32
32
32
32
32
32
32
32
32
32
32
32
32
32
32
32
32
32
32
32
32
32
32
32
32
32
32
32
32
32
32
32
32
32
32
32
32
32
32
32
32
32
32
32
32
32
32
32
32
32
32
32
32
32
32
32
32
32
32
32
32
32
32
32
32
32
32
32
32
32
32
32
32
32
32
32
32
32
32
32
32
32
32
32
32
32
32
32
32
32
32
32
32
32
32
32
32
32
32
32
32
32
32
32
32
32
32
32
32
32
32
32
32
32
32
32
32
32
32
32
32
32
32
32
32
32
32
32
32
32
32
32
32
32
32
32
32
32
32
32
32
32
32
32
32
32
32
32
32
32
32
32
32
32
32
32
32
32
32
32
32
32
32
32
32
32
32
32
32
32
32
32
32
32
32
32
32
32
32
32
32
32
32
32
32
32
32
32
32
32
32
32
32
32
32
32
32
32
32
32
32
32
32
32
32
32
32
32
32
32
32
32
32
32
32
32
32
32
32
32
32
32
32
32
32
32
32
32
32
32
32
32
32
32
32
32
32
32
32
32
32
32
32
32
32
32
32
32
32
32
32
32
32
32
32
32
32
32
32
32
32
32
32
32
32
32
32
32
32
32
32
32
32
32
32
32
32
32
32
32
32
32
32
32
32
32
32
32
32
32
32
32
32
32
32
32
32
32
32
32
32
32
32
32
32
32
32
32
32
32
32
32
32
32
32
32
32
32
32
32
32
32
32
32
32
32
32
32
32
32
32
32
32
32
32
32
32
32
32
32
32
32
32
32
32
32
32
32
32
32
32
32
32
32
32
32
32
32
32
32
32
32
32
32
32

0
70
70
-6
-6
-48
-48
0
32767
33
40
100
1
-22
-22
14745
-24
12
-65
-71
-81
-86
-90
-93
-95
-95
-97
-97
-97
-99
-99
-100
-99
-100
-101
-101
-101
-101
-102
-103
-103
-103
-103
-104
-104
-104
-104
-105
-105
-105
-105
-105
-106
-105
-105
-106
-106
-106
-106
-106
-106
-107
-107
-107
-107
-107
-107
-107
-107
-108
-107
-108
-108
-108
-108
-108
-108
-108
-108
-108
-108
-108
-109
-109
-109
-108
-109
-109
-109
-109
-109
-109
-109
-109
-109
-109
-110
-110
-110
-110
-110
-110
-110
-110
-110
-110
-110
-110
-110
-111
-110
-110
-110
-110
-111
-111
-111
-110
-110
-110
-110
-110
-110
-110
-110
-111
-111
-111
-111
-111
-110
-111
-110
-111
-111
-111
-111
-111
-111
-111
-111
-111
-111
-112
-111
-111
-111
-111
-111
-111
-112
-112
-111
-111
-112
-111
-111
-111
-112
-112
-112
-112
-112
-112
-111
-112
-112
-111
-112
-112
-112
-112
-112
-112
-112
-112
-112
-111
-112
-112
-112
-112
-112
-112
-112
-112
-112
-112
-112
-112
-112
-112
-112
-112
-111
-112
-112
-112
-113
-112
-112
-112
-112
-112
-113
-112
-112
-112
-112
-112
-111
-111
-112
-112
-112
-112
-112
-112
-112
-112
-112
-113
-113
-112
-112
-112
-112
-112
-112
-112
-112
-112
-112
-113
-112
-112
-112
-113
-112
-112
-112
-112
-112
-112
-113
-112
-112
-112
-112
-112
-112
-112
-113
-112
-112
-112
-112
-112
-112
-112
-112
-112
-112
-112
-112
-112
-112
-112
-112
-113
-112
-112
-112
-112
-111
-111
-112
-112
-112
-112
-111
-112
-111
-112
-112
-112
-112
-111
-111
-111
-111
-111
-110
-111
-111
-111
-111
-111
-110
-111
-111
-110
-110
-110
-110
-110
-110
-110
-110
-110
-110
-110
-110
-110
-110
-110
-110
-109
-109
-109
-109
-109
-109
-109
-109
-109
-109
-109
-109
-109
-109
-109
-109
-109
-109
-109
-109
-110
-109
-109
-110
-110
-110
-110
-110
-110
-110
-110
-110
-110
-110
-110
-111
-111
-111
-111
-111
-111
-111
-111
-111
-110
-111
-111
-112
-112
-112
-112
-111
-111
-112
-112
-112
-112
-113
-112
-112
-112
-113
-112
-112
-112
-113
-113
-113
-113
-112
-112
-113
-113
-113
-112
-112
-113
-112
-112
-113
-113
-113
-113
-113
-113
-113
-113
-113
-113
-112
-112
-113
-113
-113
-113
-113
-112
-113
-113
-113
-113
-113
-113
-113
-113
-113
-112
-112
-112
-113
-113
-113
-113
-113
-113
-113
-113
-113
-114
-113
-113
-113
-113
-112
-113
-113
-113
-113
-113
-113
-113
-111
-113
-113
-113
-113
-113
-113
-113
-113
-113
-113
-113
-113
-112
-113
-113
-113
-113
-113
-113
-113
-113
-113
-113
-113
-113
-113
-113
-113
-114
-113
-113
-113
-113
-114
-113
-112
-113
-113
-113
-113
-113
-113
-112
-112
-113
-113
-112
-113
-112
-113
-112
-113
-112
-110
-113
-113
-113
-113
-113
-113
-113
-113
-113
-113
-113
-112
-112
-113
-113
-112
-112
-113
-113
-113
-113
-113
-113
-113
-114
-114
-115
-117
-65
-71
-80
-86
-91
-93
-95
-95
-96
-97
-97
-98
-99
-100
-100
-101
-101
-102
-101
-102
-102
-102
-102
-103
-103
-103
-104
-104
-104
-104
-104
-105
-105
-105
-105
-105
-105
-106
-106
-106
-106
-106
-107
-107
-107
-107
-107
-107
-107
-107
-107
-107
-107
-108
-107
-108
-108
-108
-108
-108
-108
-108
-109
-108
-109
-109
-108
-108
-109
-109
-109
-109
-109
-109
-109
-109
-109
-109
-110
-109
-110
-109
-109
-109
-110
-110
-110
-110
-110
-110
-110
-110
-110
-110
-110
-110
-110
-111
-111
-110
-111
-111
-111
-111
-110
-111
-111
-110
-111
-111
-111
-111
-110
-111
-111
-111
-111
-111
-111
-111
-111
-111
-111
-111
-111
-111
-111
-111
-112
-112
-111
-111
-111
-112
-111
-112
-111
-111
-112
-111
-111
-111
-111
-111
-111
-112
-111
-112
-112
-111
-112
-112
-112
-111
-112
-112
-112
-113
-112
-112
-112
-112
-112
-112
-111
-112
-111
-112
-112
-112
-112
-112
-111
-112
-112
-111
-111
-111
-111
-112
-112
-111
-112
-111
-111
-112
-112
-113
-112
-112
-112
-112
-111
-110
-112
-112
-112
-112
-112
-112
-112
-112
-112
-112
-112
-112
-112
-112
-112
-112
-112
-112
-112
-112
-112
-112
-112
-112
-112
-112
-112
-112
-112
-112
-112
-111
-111
-112
-112
-112
-112
-112
-112
-112
-112
-112
-112
-112
-112
-112
-112
-111
-112
-112
-112
-112
-112
-112
-112
-112
-111
-112
-111
-111
-112
-111
-111
-111
-111
-111
-111
-112
-112
-111
-111
-112
-110
-110
-109
-106
-110
-110
-111
-110
-110
-111
-110
-110
-111
-111
-110
-110
-110
-110
-110
-110
-109
-110
-110
-109
-109
-109
-108
-109
-109
-109
-109
-109
-109
-108
-108
-109
-109
-109
-108
-108
-108
-108
-108
-108
-108
-108
-109
-109
-109
-108
-109
-109
-109
-109
-109
-110
-107
-106
-110
-110
-110
-109
-109
-110
-110
-110
-110
-111
-111
-110
-110
-111
-110
-111
-111
-112
-111
-111
-111
-112
-111
-112
-111
-111
-111
-111
-112
-111
-112
-112
-112
-113
-112
-112
-112
-112
-112
-112
-112
-112
-111
-112
-113
-112
-112
-112
-112
-112
-112
-113
-109
-110
-112
-112
-113
-113
-112
-112
-112
-112
-113
-112
-113
-113
-113
-113
-113
-113
-113
-112
-113
-113
-113
-113
-113
-113
-113
-112
-113
-112
-113
-112
-113
-113
-113
-113
-113
-113
-114
-113
-112
-112
-113
-113
-112
-113
-113
-113
-113
-113
-113
-112
-112
-112
-109
-112
-113
-113
-113
-113
-113
-113
-113
-113
-113
-113
-113
-113
-113
-112
-114
-113
-112
-113
-113
-113
-113
-113
-113
-112
-112
-113
-113
-113
-113
-113
-112
-112
-113
-113
-113
-113
-113
-113
-113
-112
-113
-113
-113
-113
-112
-113
-113
-113
-113
-112
-113
-112
-109
-112
-112
-112
-113
-113
-113
-112
-113
-113
-112
-113
-112
-113
-112
-112
-112
-113
-112
-112
-112
-112
-113
-113
-114
-115
-115
-116
-117

0
1638
655
9830
300
300
0
-15
0
-4
0
-15
0
6
-20
-3
2344
4687
0
0
0
32767
0
-20
1
1
16000
1
50
6
1024
100
100
1024
500
300
2560
1700
100
-2560
5000
300
0
14000
300
0
16000
200
-7680
8900
100
-2560
7000
100
5120
3000
200
0
18000
100
2
0
200
100
-16
2000
100
-16
1
2
1
20
5
0
20
0
0
10000
30000
-85
-65
-45
-23
0
-96
-65
-42
-18
-18
0
-13
1
4000
5
0
20
0
0
10000
30000
-90
-65
-45
-25
0
-96
-65
-45
-25
-25
0
-2
0
20
2
1
20
0
0
10000
10000
-96
0
0
0
0
-96
0
0
0
0
1
0
0
20
2
1
20
0
0
10000
10000
-85
0
0
0
0
-96
0
0
0
0
1
0
0
20
2
1
20
0
0
10000
10000
-96
0
0
0
0
-96
0
0
0
0
1
0
1
20
5
0
20
0
0
20
3000
-96
-60
-40
-15
0
-96
-60
-40
-15
0
1
-2
1
-2
11
0
27233
20
0
0
0
0
0
0
0
0
165
0
0
0
0
0
0
0
0
1
2
1
-20
-20
-40
-20
-76
-31
0
15
96
86
6826
6826
6826
6826
6826
6826
6826
6826
6826
6826
